193

57,
-156,
-80,
-42,
-7,
24,
37,
27,
-1,
-31,
-44,
-32,
1,
36,
52,
37,
-2,
-42,
-60,
-42,
2,
48,
69,
49,
-2,
-56,
-79,
-56,
2,
64,
91,
65,
-2,
-73,
-104,
-74,
3,
83,
118,
84,
-3,
-94,
-134,
-96,
3,
107,
153,
110,
-3,
-122,
-175,
-126,
3,
139,
200,
145,
-3,
-160,
-231,
-167,
3,
184,
267,
194,
-3,
-214,
-312,
-228,
3,
253,
370,
271,
-3,
-304,
-448,
-331,
3,
374,
558,
417,
-4,
-481,
-728,
-554,
4,
664,
1031,
809,
-4,
-1050,
-1731,
-1468,
4,
2458,
5213,
7372,
8188,
7372,
5213,
2458,
4,
-1468,
-1731,
-1050,
-4,
809,
1031,
664,
4,
-554,
-728,
-481,
-4,
417,
558,
374,
3,
-331,
-448,
-304,
-3,
271,
370,
253,
3,
-228,
-312,
-214,
-3,
194,
267,
184,
3,
-167,
-231,
-160,
-3,
145,
200,
139,
3,
-126,
-175,
-122,
-3,
110,
153,
107,
3,
-96,
-134,
-94,
-3,
84,
118,
83,
3,
-74,
-104,
-73,
-2,
65,
91,
64,
2,
-56,
-79,
-56,
-2,
49,
69,
48,
2,
-42,
-60,
-42,
-2,
37,
52,
36,
1,
-32,
-44,
-31,
-1,
27,
37,
24,
-7,
-42,
-80,
-156,
57,